0 Plain1 2 0 0 0 -1 0 0 0 0 0 0 0 0 0 0 0 0 0 0 0 
1 Plain2 2 0 0 0 -1 0 0 0 0 0 0 0 0 0 0 0 0 0 0 0 
2 Swamp1 2 0 0 0 0 -1 0 0 0 0 0 0 0 0 0 0 0 0 0 0 
3 Swamp2 2 0 0 0 0 -1 0 0 0 0 0 0 0 0 0 0 0 0 0 0 
4 Ajani 0 2 2 0 2 0 0 0 0 0 0 0 0 0 0 1 0 0 0 0 
5 DeadlyRecluse 0 1 2 0 0 0 0 1 1 1 0 0 0 1 0 0 0 0 0 0 
6 Forest1 2 0 0 0 0 0 0 -1 0 0 0 0 0 0 0 0 0 0 0 0 
7 Forest2 2 0 0 0 0 0 0 -1 0 0 0 0 0 0 0 0 0 0 0 0 
8 Viper 0 1 2 0 0 0 0 1 0 1 0 0 0 0 0 0 0 0 0 0 
9 Vampire 0 2 1 0 1 0 0 0 0 0 0 0 1 0 0 0 0 0 0 0 
10 Rat 0 1 1 -1 0 0 0 0 0 1 0 1 0 0 0 0 0 0 0 0 
11 Shock 3 0 0 1 0 0 0 0 0 0 0 0 0 0 0 0 0 1 2 2 0 0 